time,x,y,z,phi,theta,psi,x_velocity,y_velocity,z_velocity,phi_velocity,theta_velocity,psi_velocity,rotor_speed1,rotor_speed2,rotor_speed3,rotor_speed4
0.06,-5.96349109504667e-06,1.711766898054987e-05,10.006418289016203,0.004179256206540138,0.0011311250198566825,0.0,-0.0003486008226742276,0.0010422005498798266,0.21392587835652827,0.021226588505244018,-0.012912122093047252,0.0,472.3426888116478,471.34611426077964,470.6663828529566,472.3059575039802
0.12000000000000001,-5.2278863837954466e-05,0.00019041641665791618,10.024437192307044,0.008062273466695302,0.0008801518585874746,0.0,-0.0011772925467605326,0.005153540727944295,0.38665873679259494,0.03776262030669868,-0.022130301979009333,0.0,459.57464017208537,458.84362827118,459.0758920967507,460.38605507058395
0.18,-0.0001553336581658366,0.0007145345197453195,10.054914216384985,0.010910647320157452,0.0034761040238171503,0.0,-0.0025520583962964213,0.012678724067395336,0.6291360834517246,0.028115298870085563,-0.0015980411710998206,0.0,478.8106861523981,480.3700305886759,481.1443332990843,480.4139197523549
0.23999999999999996,-0.0004035893346408359,0.001790090770812693,10.101091206375518,0.017532640219765305,0.004215923310536773,0.0,-0.005832273901992986,0.02399395108230407,0.909904879078982,0.051280044352073215,-0.012883837073347787,0.0,491.5955204681764,490.7587500142404,490.737253840906,492.45396561858496
0.3,-0.0009581457619923426,0.003703895458941124,10.163214249615327,0.02484948429829359,0.024492401707324696,0.0,-0.015236729805778117,0.04067792386103342,1.160596067222742,0.07266832578626259,-0.06435704034039423,0.0,484.46708397459923,480.5813532583742,483.2052982035693,484.81688202261535
0.36000000000000004,-0.0023880234809724745,0.006637221800936151,10.234386594510331,0.02925521493823524,0.03792560211269613,0.0,-0.03365629895947944,0.057513397130174525,1.2117150651160566,0.0740978585589806,-0.019985453455091617,0.0,421.18654563953686,425.0045080800796,422.1142862180458,422.2420824415614
0.4200000000000001,-0.005400568807783616,0.010840027834797516,10.314362069657982,0.03423076328828323,0.04744597608573553,0.0,-0.06796848051273649,0.0831737578468085,1.4537871126483353,0.08095979440986564,-0.05707126424735884,0.0,482.3132716266385,479.504080776203,482.09479682069446,482.6170546981219
0.48000000000000015,-0.010533164407970025,0.016688223490589217,10.405632293646748,0.0635627386285682,0.05374190791842626,0.0,-0.10374903854679388,0.11484406417667968,1.5882044589192332,0.13396587023388257,-0.02409747176973228,0.0,449.0092511181767,451.67484918773056,448.03851002313,452.33554314669476
0.5400000000000001,-0.017988653354628265,0.02506927332790783,10.505864292467995,0.0763250803732598,0.057020862581485865,0.0,-0.14509534115251643,0.16590501143065495,1.7525030586885317,0.15660541676732018,-0.0014560278912709827,0.0,459.68284203222817,461.4734435082199,458.8666655835913,460.6781516917007
0.6000000000000002,-0.027680109695138344,0.036370427631265106,10.610565810523811,0.0858597400565575,0.05717271901213472,0.0,-0.17796402572635328,0.21161559932840032,1.7374959774930612,0.15115672120881918,0.002834575137238589,0.0,402.76574810946727,403.15358731529335,403.0784010246037,402.6110975270526
0.6600000000000003,-0.039688665874724326,0.05109494083632449,10.720259456668513,0.09494751327358486,0.05775967684606176,0.0,-0.22238172746866433,0.2802130478931545,1.9185607759948335,0.148046073920984,-0.0055393278955907805,0.0,466.0017023330661,465.34671221889795,466.7323407059456,466.50954609165166
0.7200000000000003,-0.054374864131048514,0.07014161804934455,10.840765742014558,0.10411579246830804,0.05840717251118388,0.0,-0.26722828459347847,0.3556790425143401,2.0978768377932173,0.1528203758935335,-0.017649068533493288,0.0,466.46816374863715,465.5217223493027,466.74148766707174,467.1337834772707
0.7800000000000004,-0.0716674395643221,0.09376440385164496,10.970383742401555,0.11540961215622314,0.05840369155899694,0.0,-0.3091667195643494,0.4329286126098529,2.2223345746693695,0.13560710233423376,-0.007531160917822953,0.0,450.7922376342599,451.6091531499707,450.77348857399414,449.40043628988434
0.8400000000000004,-0.09158123961409939,0.12250305123965889,11.109216194466786,0.13449863731397382,0.05812543881096488,0.0,-0.3545803077830455,0.5271171800269177,2.4047509101760576,0.17067943774041497,-0.013450686146779803,0.0,470.1244524765703,469.6657100757109,467.2240999134976,469.9695719844061
0.9000000000000005,-0.11421354724137275,0.15729705677517877,11.258739916078616,0.15037775135086484,0.06088767387476679,0.0,-0.40009982127550875,0.6344429064284742,2.5786742090622417,0.14343909436576688,0.0060798279824614545,0.0,467.3003063779068,468.82030442799993,469.19791613458966,467.1018596527209
0.9600000000000005,-0.13944795016510222,0.1984066845514772,11.415522707967595,0.16622842696151174,0.06372149666551774,0.0,-0.4412998850436842,0.7373533870336242,2.646955263737775,0.17174673910097185,0.022134499837259927,0.0,435.58083714600536,436.92128435116166,435.78491591144353,438.16720022209563
1.0200000000000005,-0.16726473733041697,0.24608843593396001,11.576944821973283,0.17800395316913864,0.07049894970592874,0.0,-0.48657314715162914,0.8531415848757231,2.733268447476426,0.18388457044427367,0.046534480720700405,0.0,442.10929845678305,444.11547772182325,443.2700679069585,444.2961928671915
1.0800000000000005,-0.19790992577094724,0.3008987056729359,11.743210253128833,0.18916070019857578,0.07527337015833968,0.0,-0.5353802996311149,0.974896667110271,2.8084192757675166,0.18671863325850596,0.06080425238084061,0.0,440.65509590320045,441.8348566492389,440.61304313458504,440.88071277326
1.1400000000000006,-0.2318788549075034,0.36399098517667017,11.917716105060418,0.20570330064014541,0.08093856305766156,0.0,-0.5975281918802193,1.129997607447409,3.007383384285969,0.16017617703089948,0.07520749799671034,0.0,479.96229181083055,481.0570243811955,481.3993531814287,479.4147571089022
1.2000000000000006,-0.26961523295063355,0.43649425102869843,12.102884166757292,0.21596082297740793,0.08651336686211586,0.0,-0.6609513225945941,1.287755374742759,3.164044305158609,0.16786760287462255,0.06265262116756991,0.0,470.2753664604688,469.30544908770946,469.52897840728684,470.14896765220254
1.2600000000000007,-0.3113447606917533,0.5188287404091908,12.29800977447487,0.22765157902063482,0.09286604397297538,0.0,-0.7307350656870795,1.4578528349388042,3.3391280427350334,0.18065525227296061,0.04377001444377006,0.0,477.61945524698837,476.17907152037117,476.9935590783211,477.995336671297
1.3200000000000007,-0.3571178541170865,0.6109648886591759,12.500628803729448,0.2444866788293849,0.09730255099041152,0.0,-0.7954362304219073,1.6149113612578134,3.41400488746183,0.15260385580189043,0.05735748840874913,0.0,447.65064717732366,448.75641694298577,449.44091436704804,447.18949252546156
1.3800000000000008,-0.4074251881069318,0.714095444924249,12.712713026268997,0.25408101113692894,0.11202049178361495,0.0,-0.8831883910821829,1.8236327023727548,3.6540005814836416,0.1440534179365456,0.09296223471037784,0.0,499.4294663380546,502.0228674649353,500.3164972526496,499.71191482933074
1.4400000000000008,-0.4624110397830427,0.8278817188919176,12.93111613801112,0.2637104708350577,0.12213477566802489,0.0,-0.950513978850669,1.9699443592450245,3.6257066499875585,0.15379742805328378,0.11512453728957575,0.0,418.07841233997266,420.01451884511306,417.7228598611137,418.59360834143575
1.5000000000000009,-0.5218303058108171,0.9510292908491053,13.149343057911194,0.2745066807983356,0.13508533266149758,0.0,-1.0313302000499522,2.135769568089545,3.6478039743239226,0.166367577703068,0.0869681252764114,0.0,438.3418517574049,436.00561099197716,435.92968214476025,437.00303746717134
1.560000000000001,-0.5867394023330353,1.0851381167222223,13.371743863059775,0.28499261366286976,0.14203838631351573,0.0,-1.1329568343890837,2.3353555726808857,3.7644676798445205,0.1572983317297818,0.1002464058149326,0.0,468.6908293844977,469.72830719900094,469.14510838373,468.4642734033333
1.620000000000001,-0.6582299513239536,1.232104241193821,13.603264616054473,0.3017655992595554,0.14806672125153408,0.0,-1.2506347256234924,2.5650226799535325,3.9511901503806395,0.1857898449623916,0.10079722592967805,0.0,492.86301953019574,492.91135087682136,491.8817356966077,494.01096302714154
1.680000000000001,-0.7359437024095106,1.3912464125417967,13.839566284700453,0.31741921399279427,0.1551916709178105,0.0,-1.340426709618096,2.740879739362816,3.9247850369196153,0.1613037000969424,0.08816440207705585,0.0,428.10181772240645,427.0338007593047,429.4549910440827,427.40458100612346
1.740000000000001,-0.8194895741728551,1.5617702631873684,14.076017136041395,0.3273186512066548,0.16558192449923315,0.0,-1.4453878337190393,2.943858650479635,3.955971354735125,0.16539302150582164,0.06219522473341056,0.0,450.16214854398044,448.0606191922247,449.1618923679116,449.51832806917315
1.8000000000000012,-0.9094063466972644,1.7444217437838556,14.31361148274822,0.34002129345684473,0.17151286152509204,0.0,-1.5523123185492083,3.1453693620473238,3.96295363461093,0.18249295819887765,0.07728431748116514,0.0,442.0604283638744,443.3056410273075,443.08537280692457,444.5172642145664
1.8600000000000012,-1.0057186147612542,1.939097599265827,14.550788567271795,0.3510151401149688,0.17781242480162085,0.0,-1.6586224755193812,3.3445005330268973,3.942197884110541,0.17869265926357206,0.06190849156563481,0.0,436.8108023168087,435.53064873003945,435.5419720535977,435.25649132440566
1.9200000000000013,-1.1089162653705436,2.1466116045536334,14.788622967852467,0.3618497310750257,0.18662557154616444,0.0,-1.7820346471252528,3.573233342134242,3.984450886368052,0.18136529563304649,0.08547250741590198,0.0,457.5585969140007,459.4345583041031,459.22416014695887,459.46613771654876
1.9800000000000013,-1.2197040702031614,2.368053795602934,15.0289707355824,0.37319363875604594,0.1921984146599316,0.0,-1.911315326370325,3.808812461438275,4.025949756793981,0.17262211172882586,0.09167333909134219,0.0,461.8548623888698,462.34976839024824,460.82029616206114,460.1580899379824
2.0400000000000014,-1.3375358725332593,2.602225176961868,15.267669328166612,0.38648141367757205,0.2048913640136334,0.0,-2.0173567674091397,3.9976031788484416,3.929990851598902,0.19021176263406572,0.11987587020382819,0.0,415.3363597594264,417.81261416627405,414.93494549068686,416.5096836738942
2.1000000000000014,-1.4626024349006672,2.8490594113444248,15.503357495406636,0.40232546490702603,0.22228268802240514,0.0,-2.1530214941301637,4.231014204995731,3.9247513169963697,0.21210163272177385,0.08367098095509487,0.0,451.6120742163984,448.69200218404194,449.932594561313,451.73913181927037
2.1600000000000015,-1.5952406043201497,3.108640036465882,15.735118306195199,0.41601244868153753,0.22750146018091222,0.0,-2.2686407036341025,4.422387412161832,3.800084379285878,0.22170523906182446,0.08749666400780294,0.0,410.72838089823466,411.0741704834812,409.7686851679413,410.6716744904765
2.2200000000000015,-1.7341934534116035,3.378614309825202,15.95650639897035,0.4320858231171707,0.23570089142258333,0.0,-2.3636961833818355,4.5775615200928845,3.579388141795303,0.23877853296817667,0.10514804165255692,0.0,372.7669178547059,374.4974603706153,372.54927702433184,374.2773880817141
2.2800000000000016,-1.8812701064611863,3.662079231971256,16.173282129463757,0.44640280078062844,0.24221193865571689,0.0,-2.539282062378995,4.871881075728806,3.644598317425921,0.23705177073158823,0.0988777365445665,0.0,481.2229326110506,480.7563382292441,480.0043224556628,479.9252724449286
2.3400000000000016,-2.0381832910676754,3.9619725992756756,16.39074780168821,0.4663027849697725,0.24873955028341221,0.0,-2.691571088399754,5.125570831397002,3.602675817090283,0.2619780004723498,0.08914277864856149,0.0,447.757893193464,446.972795393503,447.65071664633825,449.73441365154827
2.4000000000000017,-2.20409521220209,4.276896381238151,16.604626984832414,0.4821316531918596,0.2542751070652267,0.0,-2.8391581871140352,5.372539669652729,3.525422486000997,0.26460593436133456,0.09282894149887248,0.0,438.5565940193337,438.86967975511027,438.8739603188017,439.1625833187742
2.4600000000000017,-2.3793960557238214,4.607571351015091,16.815151474580322,0.4980229899868709,0.264722954878879,0.0,-3.0048922143004337,5.650453146901048,3.4903447279420474,0.26520468716354806,0.11585255730596188,0.0,456.38213447831635,458.2249260529404,457.536570215296,457.65270831070046
2.520000000000002,-2.564500047193445,4.954498438071873,17.02226746334846,0.5151077232202859,0.27861983951799907,0.0,-3.1662045856115704,5.914263827953474,3.4118260338728144,0.25208073573907364,0.08575673849080205,0.0,446.13565787839957,443.6808535941891,447.45283625087103,446.45105041978127
2.580000000000002,-2.7607225059674185,5.319487702186902,17.228103357209818,0.5308298708950678,0.29315407198752563,0.0,-3.375531892739288,6.252152072482412,3.4467645863577583,0.2594300457572273,0.11814333505248757,0.0,489.64426838328404,492.05529647160625,490.4764907988619,491.0804509176747
2.640000000000002,-2.9691248670512276,5.703831652175587,17.43390837399578,0.5483992835384868,0.30207227636090916,0.0,-3.571650501150086,6.559650473664774,3.4112139165542126,0.2426759316080549,0.10207673609492803,0.0,472.86684809402925,471.6377683675007,472.5542035532987,471.32131721515174
2.700000000000002,-3.187618313139285,6.103742601970668,17.632368693409763,0.5642141774464777,0.3101058625329163,0.0,-3.7119416575596422,6.771109056608146,3.203366560947995,0.22914693385549278,0.08569325669789186,0.0,410.8368609386867,409.3900452637581,410.52711943767815,409.3864684252578
2.760000000000002,-3.4156157014446906,6.518076364452407,17.820824708226766,0.5780462164407894,0.31639062182225786,0.0,-3.8882182000538736,7.040085859999619,3.077191791731173,0.22456449102730916,0.09626643495115783,0.0,444.41636293941747,445.2890307567319,446.2777275906908,445.9547079796173
2.820000000000002,-3.654639855436299,6.949217749045135,18.002453881184785,0.5915814348372646,0.32340981548340153,0.0,-4.079507246298651,7.331176972889618,2.975520595393346,0.2203955707985245,0.08279286736399945,0.0,459.09636674920495,458.0325843232103,458.7442543963439,458.4607153225503
2.880000000000002,-3.9052420489319366,7.397901705043985,18.177804611520553,0.6076125128178695,0.32859834143457345,0.0,-4.273955104991273,7.624945039329702,2.867768139422155,0.2375876235101989,0.07630505637560345,0.0,460.64771503618687,460.13923648114127,459.8488201089267,461.25782400123273
2.940000000000002,-4.165355836653167,7.860579617474734,18.34114832183069,0.6242724176582559,0.33508993535244347,0.0,-4.396898744408376,7.798030812993808,2.576711810524399,0.2193566324264396,0.09030441483176857,0.0,385.93478614264427,387.260764735813,387.98928133307425,386.3353731331938
3.000000000000002,-4.435355669139764,8.337780397194376,18.49259727234278,0.6375602042307547,0.3417499968167954,0.0,-4.603190170546302,8.108235459188078,2.4698363109512944,0.2222306984868448,0.10136991075034181,0.0,466.47891704407664,467.3494868211677,467.3343989257894,467.6038554301892
3.0600000000000023,-4.716684611871785,8.831717693690576,18.63488019731859,0.6512177492231226,0.34829842649993203,0.0,-4.774659646041601,8.356146675694854,2.2718629830650876,0.21468193278157882,0.09259368245533499,0.0,434.31706588854206,433.58869535430057,435.0654308214798,434.4817074477556
3.1200000000000023,-5.007777629396667,9.339542703000276,18.763842046049117,0.6647889815777805,0.3542372556412232,0.0,-4.928695273294019,8.57125195796519,2.026209201773154,0.22266094023288596,0.08450643331276074,0.0,417.0182582232225,416.31831823102954,415.499531760373,416.2489472374172
3.1800000000000024,-5.308759197533472,9.861194069608528,18.879124342509346,0.6789998860217459,0.3737969391831095,0.0,-5.104856242001193,8.816529704016675,1.8150515763754378,0.2112813823605077,0.12502098918690827,0.0,433.328237999675,436.7305164292158,434.01795114957656,433.1102420226963
3.2400000000000024,-5.619498706724109,10.395907138979247,18.979561328896928,0.692540361692771,0.38163557201447507,0.0,-5.253465117312905,9.007078696418153,1.5323779131365702,0.2203305042819337,0.13029524413826138,0.0,404.5635597310754,405.0547366683501,405.1838427405888,406.0470012560184
3.3000000000000025,-5.94079970582101,10.944519598508853,19.065929835689182,0.708695574406784,0.39240367583288815,0.0,-5.456756687225066,9.279367000866882,1.3448509839266514,0.23793557966472897,0.14794875114436554,0.0,450.2560541807476,451.6993614190196,450.48388406638963,451.9556256611012
3.3600000000000025,-6.275099209651864,11.510537794988025,19.142089956797136,0.7244647595012017,0.4028400538145318,0.0,-5.6865783540847605,9.58696871231081,1.1916615850055428,0.22329489648239764,0.1604800615076952,0.0,470.95124148681055,471.94019173186445,471.6407205406483,470.5589953561945
3.4200000000000026,-6.621208750546338,12.091735385714586,19.205177980433998,0.7380768847910568,0.41245701637137877,0.0,-5.85067102857433,9.785808599399283,0.9105578820235593,0.21688039374907525,0.15942609039354536,0.0,418.56773357010076,418.50205995935437,418.6477936501339,418.14086562320495
3.4800000000000026,-6.980002535415486,12.689083519592824,19.255907159313928,0.7657937840497455,0.42205689786285117,0.0,-6.108595544369053,10.125043590841063,0.7767763608384884,0.2577017784954385,0.1605830946866106,0.0,490.0061497344222,490.1138294466378,488.2762503259201,491.3607085722353
3.5400000000000027,-7.35256547239626,13.30413780898484,19.29535327832112,0.7837263826055505,0.43227788785850585,0.0,-6.31008579683326,10.375871059783691,0.5364000839576691,0.27375982542854665,0.15091074497618256,0.0,452.1612156823913,451.4040361096608,450.1545410199157,451.5212032010359
3.6000000000000028,-7.736396996024949,13.932838558437206,19.31882438711369,0.8006444693932568,0.4415928112733658,0.0,-6.484286924783445,10.580122322926684,0.24490667852612535,0.2803389332846982,0.1554260092611376,0.0,430.69525224044804,431.0998347891238,431.25162547692116,431.88671907532694
3.660000000000003,-8.12995608429152,14.57255785293899,19.323540261700337,0.8174996271249064,0.45091310745017577,0.0,-6.634433059444091,10.743336678126855,-0.0883288400733727,0.2815083372921208,0.1551253978949384,0.0,411.68863677357325,411.6869372241536,413.5495880626903,413.73888622254697
3.720000000000003,-8.533977506912063,15.224116461880731,19.310142577892247,0.83526085277893,0.46441716335697425,0.0,-6.832821268868821,10.97408502549496,-0.3598787256092024,0.27001414232214566,0.1763970944131818,0.0,447.72297449715865,449.47587128725417,448.4404866350722,447.5828549129229
3.780000000000003,-8.94954989776709,15.888786065560375,19.27970096010471,0.8514748699061645,0.47861278227869253,0.0,-7.0195237959127095,11.180368653358846,-0.6560884025498117,0.27055144853056967,0.19604909901413403,0.0,439.9119521968269,441.56970752700926,440.5394376250466,440.6582912034994
3.840000000000003,-9.377104296328424,16.56674786123854,19.232242692697113,0.8697298638475308,0.49047530170250475,0.0,-7.231874019797993,11.416909226405096,-0.9275787281745906,0.28497238025498584,0.19850727666724363,0.0,457.4198892220585,457.65235155754254,459.2426725360378,460.45946956956533
3.900000000000003,-9.816270366413672,17.25712440717252,19.166902083932836,0.8896108503766786,0.5023932096765931,0.0,-7.406668532119739,11.594549076956296,-1.2516593340026394,0.30208323573331813,0.19883557020508172,0.0,435.20038774727095,435.26738769622295,435.51088956452,437.0279216957814
3.960000000000003,-10.267667593984802,17.960479670973324,19.08388743901332,0.9177223463204447,0.5255070817177625,0.0,-7.639228004633932,11.848504252658765,-1.5187092753931202,0.3355194908777001,0.23428778084181928,0.0,472.7473342146424,475.51316171647755,473.09219889364095,475.75424542419296
4.020000000000002,-10.731047903912717,18.67614230797222,18.982332449398573,0.9408479686017497,0.5493780269146287,0.0,-7.806393566941946,12.00538429049094,-1.8680376470691813,0.31532306708642116,0.26742386644896954,0.0,435.24566457553726,438.07300165919895,438.3445730385367,436.7749948470994
4.080000000000001,-11.20528827100346,19.402104338189,18.86038657388061,0.9613078280600753,0.5687678497135931,0.0,-8.001000662390515,12.191525017364135,-2.198425396134337,0.3004717066951228,0.2862911188052735,0.0,454.6573591602798,456.2409645754335,455.745075301323,454.651824384244
4.14,-11.693485113971095,20.141935989769138,18.72043940805369,0.9806778191146233,0.5869704432780285,0.0,-8.271060454025902,12.466674956770818,-2.4689589879402285,0.3120150848345575,0.27393305432499143,0.0,500.3647405919634,499.53486956728034,497.52216304009187,498.4504688014392
4.199999999999998,-12.19539301812571,20.894902977929327,18.561909297631136,1.0006002015946667,0.6078604600473749,0.0,-8.458463219960471,12.63027340173843,-2.8167382663444775,0.3228802967228677,0.2495811481494849,0.0,460.5295758055542,458.66709760145756,458.9093243136946,459.8696717433808
4.259999999999997,-12.70743332726312,21.65615816463651,18.381520643955465,1.0213545722989457,0.622855652610399,0.0,-8.608803353490353,12.743548346126188,-3.196991281287046,0.30874632909627187,0.24640894022570398,0.0,443.52341669089856,443.3247103091264,441.74257079410467,440.6792900330406
4.319999999999996,-13.22916201312447,22.42488818535317,18.178754406621724,1.0400731032204407,0.6460745392637985,0.0,-8.781392062308194,12.878865658963578,-3.5628574204235095,0.3125136174693635,0.2770436903629738,0.0,455.073441176672,457.58477611789874,457.0094841222137,457.40498563471243
4.379999999999995,-13.763793647374937,23.20444758997464,17.95564180834143,1.0615011383309652,0.6626886164525736,0.0,-9.03786620940503,13.103566165350497,-3.87628146839618,0.3292755573144807,0.2751943198203421,0.0,501.2042328744033,501.13755578560955,499.6630084337545,500.97520869021366
4.439999999999993,-14.309307248319568,23.992301422910273,17.710769018191677,1.0828460775884574,0.6794749016651203,0.0,-9.145224044507982,13.157200486036981,-4.286384632850609,0.3142149987388141,0.27985753403655117,0.0,432.4816627840971,432.954264101081,434.8674304720623,433.7137259071191
4.499999999999992,-14.863105392679193,24.78532209079419,17.44238375619513,1.1043354393834761,0.6986559711262723,0.0,-9.313464794243771,13.274874003557002,-4.660716472297233,0.33084027923969944,0.2616792776664834,0.0,465.5212720134893,464.1680324632883,467.0131425766788,468.4078699139708
4.559999999999991,-15.427443373252157,25.585777747136984,17.151721066689063,1.1325442920519038,0.7144392521305862,0.0,-9.495838638692737,13.404798900687974,-5.029585116511813,0.3613310202727475,0.25710894738796347,0.0,477.9683366082603,477.6826213182329,475.71767279914957,478.1588480390787
4.6199999999999894,-15.999380265273894,26.39052241426059,16.83721460254291,1.1552356838010258,0.729884384495679,0.0,-9.568002047256154,13.419266841798155,-5.453874800524721,0.34904573191605615,0.25398999311177617,0.0,430.8145179565247,430.61872881891935,431.6447177849932,430.74197242689706
4.679999999999988,-16.583728448062036,27.20434790804313,16.500927206020233,1.1775008712331854,0.7498312736212753,0.0,-9.907094046114459,13.703723226884636,-5.758243606584908,0.36049787277888345,0.27658614001397935,0.0,548.3561927336102,549.9105438567424,547.8830412643154,548.7466821248601
4.739999999999987,-17.183016335251466,28.0296446079104,16.143957227986093,1.2001617816545105,0.7664519128375469,0.0,-10.067418004168095,13.804107463886204,-6.1414916280096845,0.37048329141637204,0.27326269870159425,0.0,484.85532674669736,484.6752506489481,485.8830937759198,486.75567548496787
4.799999999999986,-17.789117351268043,28.858183722100353,15.762939478987159,1.2237498754782035,0.7958736185752908,0.0,-10.13518075693409,13.81289269028925,-6.559079610513329,0.3564535817809608,0.31161515042063836,0.0,449.744106664656,452.9236329163338,449.3555850280117,448.3528637499862
4.859999999999984,-18.399585295149105,29.687472210928913,15.357031185830024,1.245317324089374,0.8174360545147703,0.0,-10.212936016124216,13.829068438497458,-6.971046638511703,0.36005463491373046,0.3289953973614523,0.0,455.33175490062393,456.82121481977947,456.79856463273444,457.2138474062663
4.919999999999983,-19.01219788583637,30.515457815218912,14.925740080460733,1.270517816553868,0.8373578266190158,0.0,-10.207225624396125,13.770478563246462,-7.404739378322887,0.3380409267676943,0.32296705550781946,0.0,422.2640605378012,421.8591387693571,423.27003978823575,421.50529558648094
4.979999999999982,-19.62589239634563,31.341192272880605,14.4689309920393,1.2968578776781907,0.8593713560539644,0.0,-10.248527643349503,13.753370344450062,-7.822049557211987,0.3638265679029348,0.30394061054405175,0.0,443.5430067221666,442.07953198885303,443.36415216491264,445.6027352572964
5.0399999999999805,-20.243045174840475,32.16670191905761,13.987385816007372,1.3186754397034903,0.8784835691367867,0.0,-10.322377897935466,13.76266017061583,-8.229196051753961,0.36267089650918727,0.31306021325535976,0.0,457.4621764171805,458.2813794274742,460.1068223392461,460.14665317443666
