time,x,y,z,phi,theta,psi,x_velocity,y_velocity,z_velocity,phi_velocity,theta_velocity,psi_velocity,rotor_speed1,rotor_speed2,rotor_speed3,rotor_speed4
0.06,-1.3331528523351086e-07,3.352499024261544e-07,10.007838369682208,0.00011404047603313927,5.410271039618664e-05,0.0,-9.219859628649828e-06,2.2146119781485587e-05,0.2612552637309054,0.0026891189070891585,0.0016164814184208504,0.0,485.6582613838698,485.77945608900336,484.93600381522054,485.1379028740965
0.12000000000000001,-2.4988493282266436e-05,6.790976815190252e-06,10.033609132040915,0.0005744373459277696,0.004852916397514839,0.0,-0.0014457591665940845,0.00024937694850878637,0.597654644006868,0.0075986578176884,0.024200082924466706,0.0,505.00405609855625,506.63006245957155,507.00204344063025,507.3545183434463
0.18,-0.00023180865969409797,4.0151124184656125e-05,10.070449384069859,0.003032165996267544,0.013896413707355393,0.0,-0.006253929458721148,0.001075607201617867,0.6303294881837367,0.021943965508822307,0.05320619345649467,0.0,413.3365290174334,415.88519997540743,415.5126078667884,416.768047357447
0.23999999999999996,-0.0009328865731491906,0.0001911214919113,10.1109423330422,0.01001372711271209,0.024880483931384312,0.0,-0.018249272947046702,0.004632329693626917,0.7193594636260644,0.046844226786964885,0.021404584132201962,0.0,435.1551689242311,432.48638438693877,432.8702873579342,434.9607110672132
0.3,-0.002669101800674168,0.000740074546252254,10.161714330797999,0.01402971939636366,0.027730677467027398,0.0,-0.03995985238144853,0.014151420540670132,0.9728447217243589,0.057730355401369136,0.03396494771609159,0.0,483.24354612910935,484.1893590833162,483.4892614635534,484.3100228293762
0.36000000000000004,-0.0057385975577389685,0.0019400547591902912,10.22630075543372,0.01769606488171327,0.029966201600323927,0.0,-0.06261034646079693,0.026272456544818273,1.1798307940332728,0.06160383875381275,0.037780318334579684,0.0,470.556030439967,470.8517206282246,470.56175300577814,470.86369890129583
0.4200000000000001,-0.010235610419044592,0.003967467186374944,10.303500804904184,0.023081953254512122,0.034417337872453935,0.0,-0.08779395961144641,0.04196143145506254,1.3932384063713468,0.046113666611728055,0.052814578353812855,0.0,472.87669156423595,474.0341728186963,473.25121832439595,472.05953177535457
0.48000000000000015,-0.016418943154126498,0.007123156786994381,10.394578509591954,0.034904371134081735,0.044596684082454985,0.0,-0.11960625926437828,0.06472775981587268,1.642267955396884,0.011926953218007155,0.02258510702744028,0.0,485.1053172381195,482.8311733793476,485.34602603874623,482.7741315059997
0.5400000000000001,-0.024518768112921932,0.0117468113492559,10.495788906629791,0.04333685989348712,0.04895935606091584,0.0,-0.15080247859224533,0.09020539550793975,1.7312272367347021,0.04118117812468529,0.04042042160779245,0.0,434.87242226481857,436.36398365307366,436.0448078699811,438.48176989490986
0.6000000000000002,-0.03444804374312019,0.017943956937643783,10.599739617188046,0.04839244805682519,0.05248813679425712,0.0,-0.18047390651981907,0.1167933142653155,1.7337536330426548,0.05763330024439114,0.05079027910498526,0.0,408.4152856938548,409.340351304824,407.051097938281,408.52217488590804
0.6600000000000003,-0.04632675431065093,0.025921693396634016,10.705778977987608,0.052970555076670145,0.05644612899439316,0.0,-0.21587444964751218,0.14958152825452123,1.8007376894525988,0.04477735802176954,0.03906815029394219,0.0,429.69243157844414,428.6990276814385,431.12409841823063,430.03855952464073
0.7200000000000003,-0.06046369555629037,0.036008056394456804,10.816913207078343,0.05586819054747405,0.059068936703639,0.0,-0.2556125680777044,0.18692305218378436,1.9035312620215077,0.03840413710648306,0.043774435574742566,0.0,440.74030108762105,441.1299504870638,442.6893993854768,442.16571204417943
0.7800000000000004,-0.0769408672669172,0.048283401160361464,10.932176080552072,0.060101816368447025,0.0676302745885673,0.0,-0.2944413288092858,0.22262544093138345,1.938422881799734,0.05246712027620954,0.015860500200199475,0.0,421.1839120684869,418.7635433156629,419.7585709425073,420.9782865857917
0.8400000000000004,-0.09612272827691412,0.06302235782838503,11.052952278872542,0.07180716887800997,0.07039227584897834,0.0,-0.34525722065764136,0.2699685600531043,2.087068551235564,0.01919947938545171,-0.00012748616974563292,0.0,457.02142701196476,455.7452954800334,458.45612864920747,455.80627984368994
0.9000000000000005,-0.11858972098480473,0.0810080391405423,11.185239371709951,0.07380525317641773,0.07100434601047834,0.0,-0.40367854958554944,0.3297755690902404,2.322011588475048,0.007851840650545183,0.007379249521114496,0.0,482.60763491961035,483.1738272235912,483.89615507190405,483.04110751725307
0.9600000000000005,-0.14446042879749438,0.1025017870970646,11.329976922435405,0.0742762100430836,0.07145069872151755,0.0,-0.45870486910767605,0.3867064739575338,2.5021688399156647,0.0054595976363559645,0.007547363888521488,0.0,467.3688387531348,467.38182478930423,468.82798496603976,468.6419709585512
1.0200000000000005,-0.17368316851945098,0.12751565151178368,11.485980707019332,0.08779736456873977,0.07346296816173048,0.0,-0.5155763841174895,0.44866740034327235,2.69734214249124,-0.035548297513858136,0.020079485472021204,0.0,473.1662468970877,474.12990598407856,474.8411418288096,471.6848879332378
1.0800000000000005,-0.20626944511879983,0.1563651738124032,11.65220448345369,0.08570708819534278,0.0784493592945763,0.0,-0.571130595856148,0.5127125707699628,2.8430509559361243,-0.03418819927290898,0.04021560498278462,0.0,458.17221430235037,459.77049172466553,460.5199618501361,460.6270484962276
1.1400000000000006,-0.2420260090718174,0.18872955835159919,11.823826209424432,0.08501862349602174,0.08093186046470446,0.0,-0.6209798339495247,0.5660327315370476,2.877548806797567,-0.04823284915351884,0.04214401329084978,0.0,425.87981908547755,426.04568571041045,425.3784303521973,424.17317126950456
1.2000000000000006,-0.281345447735923,0.22478806075935426,12.003483914718842,0.08452598196152383,0.09063784775176309,0.0,-0.6908383789348111,0.6358085768178854,3.1102895716666183,-0.06645080209410793,0.011571736587350395,0.0,488.1589336520423,485.872611196373,487.1310390510152,485.7651207248175
1.2600000000000007,-0.32441411953410887,0.2644149547005427,12.190061805626904,0.08215151535394316,0.09186610616422186,0.0,-0.7449057458149995,0.6848587181432779,3.1089608599696645,-0.053688701825841526,0.0022776455446215987,0.0,415.86262595895283,415.04759100804523,414.576859276199,415.69363451376495
1.3200000000000007,-0.3714192358893743,0.30752920791332305,12.383783856093386,0.07892410415861928,0.09331873895382792,0.0,-0.8220392276957251,0.7518183229909219,3.347745333879368,-0.05404636815977915,0.013701342348285132,0.0,489.5974977197696,490.44661186917034,489.79417051943193,489.765947609979
1.3800000000000008,-0.4225010286603322,0.35408249931954205,12.58551715413962,0.07576041281036971,0.09585164458303908,0.0,-0.8809326113916217,0.7996445825442327,3.3765835038744316,-0.05194037512565277,-0.0018770664726255612,0.0,428.4981875570771,427.1716484428313,426.05289612804154,426.2309203321432
1.4400000000000008,-0.4773662850260322,0.403627553024376,12.791155542394478,0.07803385645468186,0.09589220376239549,0.0,-0.947898761797814,0.8520301230039138,3.4776684265732634,-0.027680359964916287,-0.007529193291107358,0.0,450.72290557897685,450.26592877710027,449.34360757519016,451.304980247128
1.5000000000000009,-0.5361682604359495,0.4562941411458297,13.001993913497902,0.0804443416969054,0.09563630003919865,0.0,-1.0121272581788292,0.9037088573351849,3.5500000379575667,-0.006744557610605395,-0.003734999780067696,0.0,441.7048688489279,442.01777810025095,441.51161202779303,443.235613168723
1.560000000000001,-0.5988446442736423,0.5121265936346546,13.217391393158843,0.08251758448026081,0.09577940510530514,0.0,-1.0770811603349344,0.957562582535221,3.6296021585896536,-0.02523011795637219,0.0018107607756631839,0.0,445.2805660419004,445.7340763806767,445.3088867343473,443.79417765120166
1.620000000000001,-0.6653360529918753,0.5711463211332976,13.436457847823581,0.0876541741309369,0.1005793168652307,0.0,-1.1397646689543897,1.010188079869709,3.6723305149524426,0.001845053395025692,-0.02314614697379932,0.0,434.797585050858,432.70159013880226,433.01895944529014,435.29081599244034
1.680000000000001,-0.7357011596488187,0.6334445488847877,13.658484026586107,0.08922946461689474,0.09925622305253334,0.0,-1.205613381381701,1.0665523383775728,3.728313855331762,-0.01266618305270217,-0.027399319532381426,0.0,438.2839808863325,437.93022521050074,440.0471172363036,438.8442069672075
1.740000000000001,-0.8098169733108753,0.6989844167311443,13.881977925982985,0.09181110381099788,0.10074617941567698,0.0,-1.2650757328575795,1.1182998116892278,3.7214254496048453,0.006194579712760106,-0.04802911580986833,0.0,419.8448842294731,418.0504074196627,417.4991231732569,419.1417027525727
1.8000000000000012,-0.8875938016450822,0.7677769096263959,14.105809640611032,0.10378600356495671,0.09851070849352528,0.0,-1.327288090915832,1.1758815330308718,3.7394193633854744,-0.032339397820299653,-0.04034152640963385,0.0,426.22062776409564,426.87589041993607,429.31328921264173,426.0309230614113
1.8600000000000012,-0.9689533105696863,0.8400724583867618,14.329544098089691,0.10205810155294337,0.09634618670780704,0.0,-1.3845484024472048,1.233814936951556,3.7184705168644254,-0.038729547314469044,-0.047212467751844456,0.0,413.8053024042877,413.1988157599787,415.5917215736414,415.0306035089192
1.9200000000000013,-1.0539072887604308,0.9160128668686952,14.554025151888764,0.1000947178955034,0.09355829029548524,0.0,-1.4469971251704412,1.2973031953977245,3.764094185591166,-0.033244891624915354,-0.04580067430205112,0.0,436.64169331021014,436.7581213616894,435.6867120675063,436.14440509061626
1.9800000000000013,-1.1426698246505698,0.9958456018547459,14.782412867664757,0.1000224019326117,0.0908194056053464,0.0,-1.5114783018675206,1.363745504667585,3.848528498412591,-0.04968076712234905,-0.04540740883715937,0.0,449.6712505504303,449.701918150658,448.9578312853571,447.62145393226126
2.0400000000000014,-1.235170455083453,1.079623229553981,15.014972116739123,0.11570728505212191,0.08815534710404815,0.0,-1.5716239373860483,1.4302664899049673,3.9030392950976815,-0.003538273728775715,-0.043660297622958595,0.0,440.45756960899155,440.6008745941137,438.11698371632605,441.93644980135457
2.1000000000000014,-1.3314120327352474,1.1678786109573005,15.252728928665555,0.11812927304664633,0.08697986963104931,0.0,-1.6362776383291346,1.511775287549369,4.021681765028254,-0.02255831558993089,-0.03164167875567819,0.0,460.7786651916681,461.7271477415787,461.8270055794135,460.32433065390836
2.1600000000000015,-1.431375273210013,1.2608700112091173,15.495994915916489,0.11836518613584879,0.08647017775363786,0.0,-1.6957721754298618,1.587886203311822,4.086897689450862,-0.009895847394028975,-0.019876565014509604,0.0,445.94043333442306,446.90032635008265,444.1599690076879,445.1973879743229
2.2200000000000015,-1.5348397591254042,1.3582451068345092,15.741615851011739,0.11918124101906624,0.1066093582048353,0.0,-1.7548600761334638,1.6579613381840697,4.100073409239537,-0.024157914314244168,-0.07168558363088792,0.0,430.9273257390754,426.5239480773927,431.04775119156403,429.84076028546286
2.2800000000000016,-1.6419177871729214,1.4595843399713775,15.986007213112536,0.11803351113000371,0.10287181819905378,0.0,-1.814164753542877,1.719908120935294,4.046523881286637,-0.019222076223590054,-0.06457502613481012,0.0,407.4560262857355,408.0871804255341,407.25473132544954,407.6959521283124
2.3400000000000016,-1.7528356572494967,1.564990657449382,16.23035806560243,0.11691761348756913,0.10065213506477733,0.0,-1.8829155896237784,1.7934714053820082,4.098299044516647,-0.022857594427488158,-0.07991826239240446,0.0,443.29272910719914,442.0262603419944,441.9828030448821,441.68305993350623
2.4000000000000017,-1.8683859630250317,1.6754567444711428,16.483079921493143,0.1276191780222522,0.10099971992912948,0.0,-1.9687066324095661,1.8899381188808053,4.324587191394373,-0.062139298300568815,-0.05624777669234614,0.0,494.44303805435067,496.1805182975876,497.17690502945067,494.289694363967
2.4600000000000017,-1.9886177461181649,1.7913097930940285,16.744711795864113,0.12441207577823477,0.09874682056921102,0.0,-2.0388208124913074,1.9714234601480323,4.396209791759855,-0.055340179662962126,-0.06911333321880275,0.0,450.9867525090694,449.943699167279,452.029003649872,452.5741811454708
2.520000000000002,-2.1132725754353063,1.9122619798004186,17.012917589448048,0.1214091860491111,0.10283802219474847,0.0,-2.1167806096455983,2.059842013631395,4.543278804594105,-0.050252140971007456,-0.10177810852170838,0.0,475.5066848117607,472.9926678416799,475.7361341096093,476.12391290164584
2.580000000000002,-2.2430491766056506,2.038771369283916,17.292655522687955,0.11847622329653884,0.12232545530577621,0.0,-2.2112846642385353,2.156546435854331,4.779878196126979,-0.04809078568310297,-0.0475463700926332,0.0,500.26121362028124,504.19004376409634,502.9614762074149,503.1167864482413
2.640000000000002,-2.3777256587937923,2.1698835148118594,17.577172714432137,0.11562536054057126,0.1195640052922835,0.0,-2.2778138779075854,2.213628690890476,4.704388064993144,-0.0469265733741004,-0.04522519909763312,0.0,408.30025716628194,408.50581311492994,407.5872068674864,407.68965808519886
2.700000000000002,-2.5166703809051194,2.304665504348251,17.859591238716483,0.11778591325831123,0.1220128084395613,0.0,-2.3538982573934857,2.2792632959616665,4.7093821666683,-0.07259275630505235,-0.02150716001873318,0.0,433.7226453744154,435.709666269651,435.3231212965434,433.167554788767
2.760000000000002,-2.660545378226872,2.443691006479303,18.144821245533425,0.11398394215203211,0.12462675870282514,0.0,-2.4421638515461828,2.3544311536840503,4.797824056431511,-0.08203169043264404,-0.0010284962459258893,0.0,460.8947077286635,462.5107178351965,461.2103096423686,460.45980255209867
2.820000000000002,-2.809631307439046,2.5870005860370373,18.434137241882013,0.110912330369203,0.12932998197950774,0.0,-2.527790556757498,2.422182206998435,4.845702175543459,-0.09818135159956498,0.021713794120900742,0.0,448.58655074977463,450.4297402191392,450.39562436146724,449.0811168661653
2.880000000000002,-2.963890482288981,2.7342194096054886,18.72563002367544,0.10578204494125032,0.14155209256226797,0.0,-2.6153074381807726,2.484544307180382,4.8703504417388315,-0.10901076148989468,-0.01570434362788139,0.0,444.299030975531,441.22003174800454,443.79670967562544,442.89777094538863
2.940000000000002,-3.1238832776890555,2.8852802039260608,19.020604226703952,0.10057533437474131,0.1435626794744529,0.0,-2.7179600276071296,2.550158358854223,4.961654754756414,-0.09750262737059269,0.0019578402093279644,0.0,463.5637495352298,464.9498884145514,464.4362545997833,465.32899517015954
3.000000000000002,-3.2905389555122255,3.0404654658316543,19.324152938897836,0.09488230761067928,0.14508349960084654,0.0,-2.8373407674442834,2.6218594015287353,5.155663922551398,-0.1032084960424644,-0.012274438358295829,0.0,496.71888398055336,495.67396216391677,495.92152963173135,495.4947913243682
3.0600000000000023,-3.464044597831562,3.19960169977195,19.63691247156535,0.09621929016778807,0.14596601676084653,0.0,-2.946228876274162,2.6826864391173944,5.268942805033099,-0.0743261962228346,0.0005155073372465086,0.0,474.8832247155102,475.8635615182385,472.0166597691111,474.2338446423466
3.1200000000000023,-3.6437167574897025,3.3621277723823275,19.95376079765089,0.0919037688968034,0.1464416930440695,0.0,-3.0429447575678665,2.7343726229981256,5.292515981875664,-0.07119915745857704,-0.00808776777722971,0.0,448.7347833167673,448.0357614908594,447.41191967622433,447.66236015988216
3.1800000000000024,-3.82994386780685,3.5281132970292983,20.276939802537594,0.08810852997157959,0.14706113073632743,0.0,-3.1646121782034538,2.7978776823516545,5.479107685279897,-0.06474148468201135,0.0022883054134432714,0.0,497.2294160800613,497.98918420986683,496.9093431470595,497.3795282941961
3.2400000000000024,-4.022645392797047,3.69730458966388,20.605543449887783,0.08481137185934617,0.14817006081123907,0.0,-3.25895192321742,2.8414909725731032,5.47429983881866,-0.07442250028420672,-0.009776058200796363,0.0,441.8746994109296,440.8788435474171,441.8349293969483,441.03237271010545
3.3000000000000025,-4.220819159998683,3.868919652070721,20.932393309463134,0.08209979508545828,0.14779942739518326,0.0,-3.3469435883843723,2.87874892910961,5.4209376289550955,-0.06106635414650732,-0.016205948463249947,0.0,426.3491313461577,425.79940191541897,424.40394748876116,425.5450474360025
3.3600000000000025,-4.424610994245699,4.042907321818857,21.25823648363113,0.08300958941680392,0.14681650595752593,0.0,-3.4461017164691823,2.9208508707108645,5.440308661273291,-0.03880831962504622,-0.017821154071730794,0.0,448.62997809839345,448.49887177007804,447.97861967733195,449.7833305040932
3.4200000000000026,-4.6341789023212865,4.219322234997574,21.584054876020144,0.08067871210978605,0.14588229711314504,0.0,-3.539527588388365,2.959403630534915,5.420378088033128,-0.04108329240113192,-0.014820323463016696,0.0,435.73473582006574,435.98566095767563,437.16158789643134,436.9711229424589
3.4800000000000026,-4.849553399571882,4.398101361880933,21.90994959529924,0.0782036113209923,0.14727839617177008,0.0,-3.639828487952238,2.999606210022851,5.44256157735331,-0.042761152708790544,-0.03262396046581468,0.0,450.5892889466409,449.14738615702976,449.9552276012803,449.8184424973151
3.5400000000000027,-5.071699471969934,4.579625625477891,22.242004010037167,0.07835343364702307,0.14587120535756792,0.0,-3.764847994863681,3.0511224520023603,5.624858214983663,-0.062052844557359106,-0.04203814743014724,0.0,498.7188977771333,498.030264692012,499.02341215856615,497.6117115534155
3.6000000000000028,-5.300955312757321,4.764018949536051,22.582423182474027,0.07508268844177035,0.1436541420170272,0.0,-3.876831273378743,3.0948831430250205,5.7219414960450585,-0.05578781325360469,-0.03706846433721894,0.0,474.8864465179894,475.2668488455986,475.5499291630917,476.02740168974066
3.660000000000003,-5.5363049287872395,4.950647437423464,22.92438949640132,0.07446498829242021,0.14593987745921666,0.0,-3.968475173903598,3.1259674954160723,5.677023442433844,-0.03885004542434914,-0.061562955371122385,0.0,433.2336953029687,431.16744479476426,431.3095787527545,432.73638271723866
3.720000000000003,-5.77757536193043,5.13931184795608,23.266259560506537,0.07255129886083544,0.14229865133164044,0.0,-4.0736471161515,3.162598184733673,5.718460962423638,-0.03287262364314562,-0.05997996927367696,0.0,459.59970956175283,459.72266512028244,458.7836451347205,459.25752222404736
3.780000000000003,-6.024720036316448,5.329927350037453,23.60782909987394,0.07092289056116208,0.13917243238578436,0.0,-4.164455968409375,3.1910929399084296,5.6674981872129155,-0.027537156997724528,-0.06880598390121005,0.0,430.60742811651573,429.8569485517848,429.95706296119596,430.40859997033897
3.840000000000003,-6.27815164160708,5.522650530601109,23.952454561629782,0.06941182656153533,0.13690374305738118,0.0,-4.2830560156435995,3.2327478679486013,5.819162478531794,-0.033024492927264344,-0.08499313838087952,0.0,492.35902091278206,491.15599298306785,492.5458716320269,492.13963575895144
3.900000000000003,-6.538271718468256,5.717631742770045,24.30328037478431,0.06878636091616208,0.1325713271882858,0.0,-4.387337155952171,3.266497491089218,5.874768228721077,-0.021412097642401526,-0.09586333418522343,0.0,465.18643060598237,464.3280884837991,465.1333346008398,466.0418550707494
3.960000000000003,-6.8049810300520726,5.914832107943195,24.66035521032598,0.07145444370782883,0.12712306094878123,0.0,-4.502447996752811,3.3070435265440903,6.026878664505831,-0.000799803990333017,-0.10321745005310314,0.0,494.5646482340235,494.0153455425138,493.5002121159637,495.0197431711859
4.020000000000002,-7.078144134307909,6.114307499685932,25.023646864257252,0.0723959490235142,0.12221795931539425,0.0,-4.602675554940623,3.3421896620806018,6.082560538862081,-0.012962382995061038,-0.11690793607858674,0.0,467.57164066234594,466.4939743435756,468.3803637277444,467.433356537997
4.080000000000001,-7.357566172426124,6.316047386859783,25.392339832456866,0.07188887338856098,0.1324416932586452,0.0,-4.71233208621205,3.3823003885753513,6.206003231340968,-0.01998651186127035,-0.07261104647349945,0.0,486.8981334121489,490.1935612020778,488.64754471411567,488.12364702567504
4.14,-7.643104928797636,6.519828599270051,25.76358866877123,0.07205892266866165,0.1286077007535651,0.0,-4.805526727932816,3.410416405581996,6.169208126490863,-0.03406096704810637,-0.06580138793907296,0.0,440.4956176026911,441.0547149148233,443.077920460213,441.9188778553176
4.199999999999998,-7.934475975036415,6.72547427990363,26.134688809156057,0.08185931508473931,0.12494820681308028,0.0,-4.906642165666372,3.4453157626475694,6.200418667981985,0.0024579984643240908,-0.06099580148698111,0.0,462.9063646865814,463.28163155432856,460.734544127737,463.6134587922142
4.259999999999997,-8.232153227591075,6.933545789986215,26.509740771279223,0.08300152226379698,0.12381266934292778,0.0,-5.015881681998279,3.4904389932778193,6.30060517353322,-0.009733166223593732,-0.04475060150780359,0.0,483.52887488528535,484.7496322528506,484.4479513618054,483.5302103142645
4.319999999999996,-8.536058963211948,7.144112287720491,26.88810973435516,0.08299593500681812,0.12219836824901176,0.0,-5.114322642286463,3.5283996044436043,6.311580800010178,-0.019350326868439544,-0.034552190401367464,0.0,457.99716197710865,458.80693511759245,459.0768258253389,458.31300415692704
4.379999999999995,-8.8460290544141,7.357029424877941,27.26817284427997,0.08197957848069137,0.12732325117237853,0.0,-5.218560558059553,3.56864676076622,6.356597727736683,-0.02488626585172671,-0.0651667508657951,0.0,470.44410609792897,468.06587791558013,469.74730558879844,469.3177397291635
4.439999999999993,-9.162079203400824,7.572176447380765,27.648854783160065,0.08521400161492121,0.1235706790052804,0.0,-5.316357173789997,3.603206374068209,6.332900809888275,-0.049934952936052206,-0.06185793375673891,0.0,448.87128661478306,449.13684700563704,450.24736143116485,448.2152001149328
4.499999999999992,-9.484144694421587,7.78953475744487,28.02940336231875,0.08223192663067458,0.1224811141690978,0.0,-5.4192260863915065,3.641720953120885,6.351944678917434,-0.04936793567267931,-0.045279896508746746,0.0,461.7304949969493,463.03482738878625,461.9862209388007,462.02949541879946
4.559999999999991,-9.812388559069008,8.009151551723267,28.411020351300955,0.08575156647119542,0.11975488071587304,0.0,-5.522186728223325,3.6790989944426036,6.368434637787884,-0.022653160792092807,-0.0470349743270475,0.0,463.21114748328023,463.07193281215285,459.2099133344647,461.32392648760515
4.6199999999999894,-10.146910885180995,8.231130461380483,28.794458940879835,0.08547944290043752,0.11925122427882151,0.0,-5.628650098368688,3.7200820288087013,6.412494026715137,-0.012368965095148248,-0.03151234784037878,0.0,469.6420996031739,470.84400463299795,470.36307183546614,471.15911698852716
4.679999999999988,-10.487428239698582,8.455216971688905,29.176620980080486,0.0848796292334999,0.13977772183367954,0.0,-5.723317841783404,3.749334485120126,6.325835660204128,-0.009265610289747653,0.01916737254088348,0.0,429.0299419730077,433.31274106030816,429.9554376243142,430.21848112713985
4.739999999999987,-10.834544723007093,8.681456793735533,29.558247202670415,0.08921042443616134,0.14182601009932494,0.0,-5.8475020469192724,3.7923640044598996,6.394229487521222,-0.03471123179468986,0.02841859549461256,0.0,479.2058044318403,479.9086912426229,480.7965052998096,478.86432024175514
4.799999999999986,-11.189085859310858,8.910264806592348,29.943188998867846,0.08711920090845648,0.14616118760870567,0.0,-5.971017898915142,3.834255891749608,6.4365856555247065,-0.03655518784316065,0.045024269219820834,0.0,472.5113720476407,473.79056566436765,473.83339849702764,473.69112566883166
4.859999999999984,-11.550898888501147,9.141369779173008,30.328795654551733,0.08501841083388939,0.1587622302528997,0.0,-6.090450755542366,3.86895384856594,6.416402360639963,-0.04129699384508984,0.07831149511766815,0.0,454.5420307933295,457.20478671399377,455.7177682022043,455.3378091572722
4.919999999999983,-11.919956086876336,9.374408195000854,30.712042483055484,0.08253820749236418,0.18454395061660822,0.0,-6.21322961920478,3.8986481577097662,6.357532579963903,-0.04142274541015441,0.12742395647044205,0.0,442.8676934715629,446.898046311411,445.3208375288394,445.30964752359836
4.979999999999982,-12.297465974552797,9.6094936061251,31.095608816481896,0.08042038302370891,0.1921777129670632,0.0,-6.371174140348991,3.937182050367551,6.426948314483964,-0.049371710683853834,0.12642556049798553,0.0,486.3487721358598,486.28717310412884,486.38286668818955,485.7860950842086
5.0399999999999805,-12.684139142076623,9.846632011787005,31.480770572372847,0.07922210582625322,0.19975126953109257,0.0,-6.518683072634311,3.967220994629494,6.411258503539667,-0.03597319830797704,0.12529345914613885,0.0,462.60949840334723,462.5341013744985,461.9872811795363,463.0417602716406
